0 0.13125 0.1171875 0.2203125 0.2078125
0 0.375 0.1125 0.2015625 0.2234375
0 0.640625 0.1375 0.2203125 0.24375
0 0.8703125 0.1375 0.196875 0.275
0 0.121875 0.371875 0.18125 0.2015625
0 0.35625 0.3671875 0.2109375 0.203125
0 0.6265625 0.403125 0.2015625 0.1875
0 0.8546875 0.4140625 0.1796875 0.175
0 0.14375 0.6125 0.2390625 0.234375
0 0.3875 0.61875 0.2375 0.2015625
0 0.6125 0.634375 0.1890625 0.184375
0 0.8515625 0.6359375 0.2421875 0.18125
0 0.8515625 0.875 0.2125 0.1984375
0 0.6171875 0.859375 0.215625 0.2296875
0 0.3609375 0.8859375 0.2125 0.228125
0 0.13125 0.8890625 0.2015625 0.1921875