4 0.084375 0.03203125 0.16875 0.0640625
4 0.07265625 0.134375 0.1453125 0.14375
4 0.303125 0.11640625 0.253125 0.1546875
4 0.08046875 0.290625 0.1609375 0.159375
4 0.309375 0.26484375 0.240625 0.1546875
7 0.71484375 0.209375 0.5703125 0.41875
0 0.09609375 0.51796875 0.1921875 0.1984375
0 0.31328125 0.51171875 0.1921875 0.1859375
0 0.09375 0.7484375 0.1875 0.196875
0 0.3140625 0.73203125 0.23125 0.1984375
0 0.32890625 0.93203125 0.2015625 0.1359375
0 0.11171875 0.925 0.2234375 0.15
6 0.81171875 0.80625 0.2890625 0.3234375