5 0.159375 0.08125 0.31875 0.1296875
4 0.5078125 0.0703125 0.3046875 0.11875
4 0.834375 0.06875 0.309375 0.125
4 0.1484375 0.2234375 0.290625 0.1390625
4 0.5078125 0.23125 0.290625 0.121875
4 0.8359375 0.2265625 0.2921875 0.0875
4 0.1625 0.3765625 0.321875 0.1
4 0.496875 0.3796875 0.3171875 0.1265625
4 0.834375 0.375 0.2921875 0.121875
4 0.1796875 0.5390625 0.3328125 0.1140625
4 0.496875 0.528125 0.3046875 0.1125
4 0.834375 0.53125 0.278125 0.11875
4 0.1765625 0.678125 0.2734375 0.125
4 0.496875 0.6828125 0.2859375 0.134375
4 0.8375 0.684375 0.3015625 0.11875
4 0.1796875 0.834375 0.2734375 0.140625
4 0.5078125 0.8328125 0.3046875 0.134375
4 0.834375 0.834375 0.3171875 0.1125