4 0.1 0.0296875 0.2 0.059375
4 0.275 0.0421875 0.128125 0.084375
4 0.090625 0.15078125 0.18125 0.1421875
4 0.275 0.16953125 0.128125 0.1078125
4 0.08671875 0.29765625 0.1734375 0.1484375
4 0.26875 0.31640625 0.140625 0.1421875
4 0.078125 0.44609375 0.15625 0.1328125
4 0.26640625 0.4734375 0.1453125 0.1375
4 0.06875 0.60078125 0.1375 0.1546875
4 0.25703125 0.62578125 0.1640625 0.1390625
4 0.0734375 0.73671875 0.146875 0.1265625
4 0.24609375 0.75390625 0.1859375 0.0921875
1 0.60546875 0.3203125 0.5328125 0.51875
0 0.16953125 0.9 0.3390625 0.2
7 0.6078125 0.88671875 0.340625 0.1734375