0 0.64765625 0.29453125 0.0421875 0.1828125
7 0.9125 0.08984375 0.175 0.1796875
4 0.37265625 0.5640625 0.3390625 0.128125
4 0.60703125 0.60390625 0.1234375 0.1890625
4 0.10078125 0.6046875 0.2015625 0.190625
4 0.33671875 0.671875 0.3234375 0.1828125
4 0.59140625 0.75546875 0.1546875 0.1828125
4 0.06875 0.7390625 0.1375 0.1875
4 0.3 0.821875 0.309375 0.2
4 0.56875 0.90625 0.2 0.1875
4 0.05234375 0.8921875 0.1046875 0.203125
4 0.2734375 0.93359375 0.328125 0.1328125
1 0.82421875 0.78046875 0.3109375 0.4390625