0 0.146875 0.1328125 0.29375 0.265625
0 0.140625 0.0640625 0.1625 0.128125
0 0.14296875 0.14765625 0.2859375 0.1984375
3 0.71796875 0.1359375 0.19375 0.184375
3 0.18203125 0.35234375 0.1015625 0.0453125
0 0.47890625 0.365625 0.1796875 0.071875
0 0.678125 0.39140625 0.24375 0.1234375
0 0.9 0.4375 0.2 0.215625
0 0.4375 0.5234375 0.096875 0.234375
0 0.60703125 0.56796875 0.2484375 0.2421875
0 0.8640625 0.659375 0.2359375 0.225
0 0.4390625 0.76328125 0.1 0.2796875
0 0.5859375 0.82109375 0.2734375 0.246875
0 0.80234375 0.8828125 0.2234375 0.2203125
0 0.94921875 0.91015625 0.1015625 0.1796875
0 0.51015625 0.97109375 0.2421875 0.0578125